-1 13 1 18 5 1 10 6 -8 20 -9 8 10 16 -8 14 -9 10 -9 4 -1 -1
-1 2 2 7 -10 10 10 2 -4 7 9 16 6 6 -6 11 -8 18 0 7 -1 -1
-7 14 -5 4 -10 8 6 14 4 19 -2 14 9 10 10 10 -2 6 3 13 -1 -1
8 16 8 2 -2 14 9 0 2 12 -1 7 0 17 2 13 1 16 -3 15 -1 -1
-1 0 4 8 5 20 8 0 1 18 -3 3 10 8 2 17 -8 1 4 10 -1 -1
3 0 6 12 0 17 7 13 9 6 -5 4 -2 20 -1 13 -7 5 -5 1 -1 -1
-3 4 -9 13 9 17 -10 10 -4 15 9 4 -2 13 5 3 -2 13 7 14 -1 -1
10 11 4 18 -8 1 -1 1 -1 0 -10 17 -3 0 5 10 7 20 0 3 -1 -1
5 6 6 3 -2 10 -4 13 8 1 10 14 0 12 -2 2 5 4 2 17 -1 -1
-9 5 -6 10 -10 3 4 2 -9 1 4 1 2 4 -3 16 7 7 -7 4 -1 -1
6 4 -8 17 0 2 10 14 7 19 1 4 -5 11 -3 2 7 6 8 1 -1 -1
3 1 -9 20 10 19 -3 3 -2 18 2 4 4 12 -9 10 7 0 3 11 -1 -1
-2 5 0 9 -9 17 -1 17 -2 19 -4 10 5 16 -1 3 -6 2 7 6 -1 -1
10 15 -9 8 1 19 -7 13 0 18 -2 8 -7 13 10 4 6 7 6 12 -1 -1
10 13 -8 1 -2 0 -3 8 -7 18 1 1 -6 10 -4 15 0 11 -4 13 -1 -1
2 12 5 16 -5 2 -4 7 -7 4 2 5 0 13 0 15 10 13 2 14 -1 -1
9 2 8 12 8 6 6 17 0 11 -4 3 5 17 4 10 -8 19 4 2 -1 -1
9 19 -4 12 -2 15 -1 5 -6 2 -7 2 5 13 5 12 -9 15 -7 2 -1 -1
3 0 -5 17 -6 2 -8 3 -9 7 3 15 8 10 6 10 -5 18 -1 5 -1 -1
-9 5 1 20 -2 13 8 14 9 2 -4 17 -3 14 5 11 5 16 -4 10 -1 -1